-9900 200 0
-9700 -200 0
-9500 200 0
-9300 -200 0
-9100 200 0
-8900 -200 0
-8700 200 0
-8500 -200 0
-8300 200 0
-8100 -200 0
-7900 200 0
-7700 -200 0
-7500 200 0
-7300 -200 0
-7100 200 0
-6900 -200 0
-6700 200 0
-6500 -200 0
-6300 200 0
-6100 -200 0
-5900 200 0
-5700 -200 0
-5500 200 0
-5300 -200 0
-5100 200 0
-4900 -200 0
-4700 200 0
-4500 -200 0
-4300 200 0
-4100 -200 0
-3900 200 0
-3700 -200 0
-3500 200 0
-3300 -200 0
-3100 200 0
-2900 -200 0
-2700 200 0
-2500 -200 0
-2300 200 0
-2100 -200 0
-1900 200 0
-1700 -200 0
-1500 200 0
-1300 -200 0
-1100 200 0
-900 -200 0
-700 200 0
-500 -200 0
-300 200 0
-100 -400 0 
100 -200 0 
300 200 0
500 -200 0
700 200 0
900 -200 0
1100 200 0
1300 -200 0
1500 200 0
1700 -200 0
1900 200 0
2100 -200 0
2300 200 0
2500 -200 0
2700 200 0
2900 -200 0
3100 200 0
3300 -200 0
3500 200 0
3700 -200 0
3900 200 0
4100 -200 0
4300 200 0
4500 -200 0
4700 200 0
4900 -200 0
5100 200 0
5300 -200 0
5500 200 0
5700 -200 0
5900 200 0
6100 -200 0
6300 200 0
6500 -200 0
6700 200 0
6900 -200 0
7100 200 0
7300 -200 0
7500 200 0
7700 -200 0
7900 200 0
8100 -200 0
8300 200 0
8500 -200 0
8700 200 0
8900 -200 0
9100 200 0
9300 -200 0
9500 200 0
9700 -200 0
9900 200 0
-9900 200 0
-9700 -200 0
-9500 200 0
-9300 -200 0
-9100 200 0
-8900 -200 0
-8700 200 0
-8500 -200 0
-8300 200 0
-8100 -200 0
-7900 200 0
-7700 -200 0
-7500 200 0
-7300 -200 0
-7100 200 0
-6900 -200 0
-6700 200 0
-6500 -200 0
-6300 200 0
-6100 -200 0
-5900 200 0
-5700 -200 0
-5500 200 0
-5300 -200 0
-5100 200 0
-4900 -200 0
-4700 200 0
-4500 -200 0
-4300 200 0
-4100 -200 0
-3900 200 0
-3700 -200 0
-3500 200 0
-3300 -200 0
-3100 200 0
-2900 -200 0
-2700 200 0
-2500 -200 0
-2300 200 0
-2100 -200 0
-1900 200 0
-1700 -200 0
-1500 200 0
-1300 -200 0
-1100 200 0
-900 -200 0
-700 200 0
-500 -200 0
-300 200 0
-100 -400 0 
100 -200 0 
300 200 0
500 -200 0
700 200 0
900 -200 0
1100 200 0
1300 -200 0
1500 200 0
1700 -200 0
1900 200 0
2100 -200 0
2300 200 0
2500 -200 0
2700 200 0
2900 -200 0
3100 200 0
3300 -200 0
3500 200 0
3700 -200 0
3900 200 0
4100 -200 0
4300 200 0
4500 -200 0
4700 200 0
4900 -200 0
5100 200 0
5300 -200 0
5500 200 0
5700 -200 0
5900 200 0
6100 -200 0
6300 200 0
6500 -200 0
6700 200 0
6900 -200 0
7100 200 0
7300 -200 0
7500 200 0
7700 -200 0
7900 200 0
8100 -200 0
8300 200 0
8500 -200 0
8700 200 0
8900 -200 0
9100 200 0
9300 -200 0
9500 200 0
9700 -200 0
9900 200 0
-9900 200 0
-9700 -200 0
-9500 200 0
-9300 -200 0
-9100 200 0
-8900 -200 0
-8700 200 0
-8500 -200 0
-8300 200 0
-8100 -200 0
-7900 200 0
-7700 -200 0
-7500 200 0
-7300 -200 0
-7100 200 0
-6900 -200 0
-6700 200 0
-6500 -200 0
-6300 200 0
-6100 -200 0
-5900 200 0
-5700 -200 0
-5500 200 0
-5300 -200 0
-5100 200 0
-4900 -200 0
-4700 200 0
-4500 -200 0
-4300 200 0
-4100 -200 0
-3900 200 0
-3700 -200 0
-3500 200 0
-3300 -200 0
-3100 200 0
-2900 -200 0
-2700 200 0
-2500 -200 0
-2300 200 0
-2100 -200 0
-1900 200 0
-1700 -200 0
-1500 200 0
-1300 -200 0
-1100 200 0
-900 -200 0
-700 200 0
-500 -200 0
-300 200 0
-100 -400 0 
100 -200 0 
300 200 0
500 -200 0
700 200 0
900 -200 0
1100 200 0
1300 -200 0
1500 200 0
1700 -200 0
1900 200 0
2100 -200 0
2300 200 0
2500 -200 0
2700 200 0
2900 -200 0
3100 200 0
3300 -200 0
3500 200 0
3700 -200 0
3900 200 0
4100 -200 0
4300 200 0
4500 -200 0
4700 200 0
4900 -200 0
5100 200 0
5300 -200 0
5500 200 0
5700 -200 0
5900 200 0
6100 -200 0
6300 200 0
6500 -200 0
6700 200 0
6900 -200 0
7100 200 0
7300 -200 0
7500 200 0
7700 -200 0
7900 200 0
8100 -200 0
8300 200 0
8500 -200 0
8700 200 0
8900 -200 0
9100 200 0
9300 -200 0
9500 200 0
9700 -200 0
9900 200 0
-9900 200 0
-9700 -200 0
-9500 200 0
-9300 -200 0
-9100 200 0
-8900 -200 0
-8700 200 0
-8500 -200 0
-8300 200 0
-8100 -200 0
-7900 200 0
-7700 -200 0
-7500 200 0
-7300 -200 0
-7100 200 0
-6900 -200 0
-6700 200 0
-6500 -200 0
-6300 200 0
-6100 -200 0
-5900 200 0
-5700 -200 0
-5500 200 0
-5300 -200 0
-5100 200 0
-4900 -200 0
-4700 200 0
-4500 -200 0
-4300 200 0
-4100 -200 0
-3900 200 0
-3700 -200 0
-3500 200 0
-3300 -200 0
-3100 200 0
-2900 -200 0
-2700 200 0
-2500 -200 0
-2300 200 0
-2100 -200 0
-1900 200 0
-1700 -200 0
-1500 200 0
-1300 -200 0
-1100 200 0
-900 -200 0
-700 200 0
-500 -200 0
-300 200 0
-100 -400 0 
100 -200 0 
300 200 0
500 -200 0
700 200 0
900 -200 0
1100 200 0
1300 -200 0
1500 200 0
1700 -200 0
1900 200 0
2100 -200 0
2300 200 0
2500 -200 0
2700 200 0
2900 -200 0
3100 200 0
3300 -200 0
3500 200 0
3700 -200 0
3900 200 0
4100 -200 0
4300 200 0
4500 -200 0
4700 200 0
4900 -200 0
5100 200 0
5300 -200 0
5500 200 0
5700 -200 0
5900 200 0
6100 -200 0
6300 200 0
6500 -200 0
6700 200 0
6900 -200 0
7100 200 0
7300 -200 0
7500 200 0
7700 -200 0
7900 200 0
8100 -200 0
8300 200 0
8500 -200 0
8700 200 0
8900 -200 0
9100 200 0
9300 -200 0
9500 200 0
9700 -200 0
9900 200 0
-9900 200 0
-9700 -200 0
-9500 200 0
-9300 -200 0
-9100 200 0
-8900 -200 0
-8700 200 0
-8500 -200 0
-8300 200 0
-8100 -200 0
-7900 200 0
-7700 -200 0
-7500 200 0
-7300 -200 0
-7100 200 0
-6900 -200 0
-6700 200 0
-6500 -200 0
-6300 200 0
-6100 -200 0
-5900 200 0
-5700 -200 0
-5500 200 0
-5300 -200 0
-5100 200 0
-4900 -200 0
-4700 200 0
-4500 -200 0
-4300 200 0
-4100 -200 0
-3900 200 0
-3700 -200 0
-3500 200 0
-3300 -200 0
-3100 200 0
-2900 -200 0
-2700 200 0
-2500 -200 0
-2300 200 0
-2100 -200 0
-1900 200 0
-1700 -200 0
-1500 200 0
-1300 -200 0
-1100 200 0
-900 -200 0
-700 200 0
-500 -200 0
-300 200 0
-100 -400 0 
100 -200 0 
300 200 0
500 -200 0
700 200 0
900 -200 0
1100 200 0
1300 -200 0
1500 200 0
1700 -200 0
1900 200 0
2100 -200 0
2300 200 0
2500 -200 0
2700 200 0
2900 -200 0
3100 200 0
3300 -200 0
3500 200 0
3700 -200 0
3900 200 0
4100 -200 0
4300 200 0
4500 -200 0
4700 200 0
4900 -200 0
5100 200 0
5300 -200 0
5500 200 0
5700 -200 0
5900 200 0
6100 -200 0
6300 200 0
6500 -200 0
6700 200 0
6900 -200 0
7100 200 0
7300 -200 0
7500 200 0
7700 -200 0
7900 200 0
8100 -200 0
8300 200 0
8500 -200 0
8700 200 0
8900 -200 0
9100 200 0
9300 -200 0
9500 200 0
9700 -200 0
9900 200 0
-9900 200 0
-9700 -200 0
-9500 200 0
-9300 -200 0
-9100 200 0
-8900 -200 0
-8700 200 0
-8500 -200 0
-8300 200 0
-8100 -200 0
-7900 200 0
-7700 -200 0
-7500 200 0
-7300 -200 0
-7100 200 0
-6900 -200 0
-6700 200 0
-6500 -200 0
-6300 200 0
-6100 -200 0
-5900 200 0
-5700 -200 0
-5500 200 0
-5300 -200 0
-5100 200 0
-4900 -200 0
-4700 200 0
-4500 -200 0
-4300 200 0
-4100 -200 0
-3900 200 0
-3700 -200 0
-3500 200 0
-3300 -200 0
-3100 200 0
-2900 -200 0
-2700 200 0
-2500 -200 0
-2300 200 0
-2100 -200 0
-1900 200 0
-1700 -200 0
-1500 200 0
-1300 -200 0
-1100 200 0
-900 -200 0
-700 200 0
-500 -200 0
-300 200 0
-100 -400 0 
100 -200 0 
300 200 0
500 -200 0
700 200 0
900 -200 0
1100 200 0
1300 -200 0
1500 200 0
1700 -200 0
1900 200 0
2100 -200 0
2300 200 0
2500 -200 0
2700 200 0
2900 -200 0
3100 200 0
3300 -200 0
3500 200 0
3700 -200 0
3900 200 0
4100 -200 0
4300 200 0
4500 -200 0
4700 200 0
4900 -200 0
5100 200 0
5300 -200 0
5500 200 0
5700 -200 0
5900 200 0
6100 -200 0
6300 200 0
6500 -200 0
6700 200 0
6900 -200 0
7100 200 0
7300 -200 0
7500 200 0
7700 -200 0
7900 200 0
8100 -200 0
8300 200 0
8500 -200 0
8700 200 0
8900 -200 0
9100 200 0
9300 -200 0
9500 200 0
9700 -200 0
9900 200 0
-9900 200 0
-9700 -200 0
-9500 200 0
-9300 -200 0
-9100 200 0
-8900 -200 0
-8700 200 0
-8500 -200 0
-8300 200 0
-8100 -200 0
-7900 200 0
-7700 -200 0
-7500 200 0
-7300 -200 0
-7100 200 0
-6900 -200 0
-6700 200 0
-6500 -200 0
-6300 200 0
-6100 -200 0
-5900 200 0
-5700 -200 0
-5500 200 0
-5300 -200 0
-5100 200 0
-4900 -200 0
-4700 200 0
-4500 -200 0
-4300 200 0
-4100 -200 0
-3900 200 0
-3700 -200 0
-3500 200 0
-3300 -200 0
-3100 200 0
-2900 -200 0
-2700 200 0
-2500 -200 0
-2300 200 0
-2100 -200 0
-1900 200 0
-1700 -200 0
-1500 200 0
-1300 -200 0
-1100 200 0
-900 -200 0
-700 200 0
-500 -200 0
-300 200 0
-100 -400 0 
100 -200 0 
300 200 0
500 -200 0
700 200 0
900 -200 0
1100 200 0
1300 -200 0
1500 200 0
1700 -200 0
1900 200 0
2100 -200 0
2300 200 0
2500 -200 0
2700 200 0
2900 -200 0
3100 200 0
3300 -200 0
3500 200 0
3700 -200 0
3900 200 0
4100 -200 0
4300 200 0
4500 -200 0
4700 200 0
4900 -200 0
5100 200 0
5300 -200 0
5500 200 0
5700 -200 0
5900 200 0
6100 -200 0
6300 200 0
6500 -200 0
6700 200 0
6900 -200 0
7100 200 0
7300 -200 0
7500 200 0
7700 -200 0
7900 200 0
8100 -200 0
8300 200 0
8500 -200 0
8700 200 0
8900 -200 0
9100 200 0
9300 -200 0
9500 200 0
9700 -200 0
9900 200 0
-9900 200 0
-9700 -200 0
-9500 200 0
-9300 -200 0
-9100 200 0
-8900 -200 0
-8700 200 0
-8500 -200 0
-8300 200 0
-8100 -200 0
-7900 200 0
-7700 -200 0
-7500 200 0
-7300 -200 0
-7100 200 0
-6900 -200 0
-6700 200 0
-6500 -200 0
-6300 200 0
-6100 -200 0
-5900 200 0
-5700 -200 0
-5500 200 0
-5300 -200 0
-5100 200 0
-4900 -200 0
-4700 200 0
-4500 -200 0
-4300 200 0
-4100 -200 0
-3900 200 0
-3700 -200 0
-3500 200 0
-3300 -200 0
-3100 200 0
-2900 -200 0
-2700 200 0
-2500 -200 0
-2300 200 0
-2100 -200 0
-1900 200 0
-1700 -200 0
-1500 200 0
-1300 -200 0
-1100 200 0
-900 -200 0
-700 200 0
-500 -200 0
-300 200 0
-100 -400 0 
100 -200 0 
300 200 0
500 -200 0
700 200 0
900 -200 0
1100 200 0
1300 -200 0
1500 200 0
1700 -200 0
1900 200 0
2100 -200 0
2300 200 0
2500 -200 0
2700 200 0
2900 -200 0
3100 200 0
3300 -200 0
3500 200 0
3700 -200 0
3900 200 0
4100 -200 0
4300 200 0
4500 -200 0
4700 200 0
4900 -200 0
5100 200 0
5300 -200 0
5500 200 0
5700 -200 0
5900 200 0
6100 -200 0
6300 200 0
6500 -200 0
6700 200 0
6900 -200 0
7100 200 0
7300 -200 0
7500 200 0
7700 -200 0
7900 200 0
8100 -200 0
8300 200 0
8500 -200 0
8700 200 0
8900 -200 0
9100 200 0
9300 -200 0
9500 200 0
9700 -200 0
9900 200 0
-9900 200 0
-9700 -200 0
-9500 200 0
-9300 -200 0
-9100 200 0
-8900 -200 0
-8700 200 0
-8500 -200 0
-8300 200 0
-8100 -200 0
-7900 200 0
-7700 -200 0
-7500 200 0
-7300 -200 0
-7100 200 0
-6900 -200 0
-6700 200 0
-6500 -200 0
-6300 200 0
-6100 -200 0
-5900 200 0
-5700 -200 0
-5500 200 0
-5300 -200 0
-5100 200 0
-4900 -200 0
-4700 200 0
-4500 -200 0
-4300 200 0
-4100 -200 0
-3900 200 0
-3700 -200 0
-3500 200 0
-3300 -200 0
-3100 200 0
-2900 -200 0
-2700 200 0
-2500 -200 0
-2300 200 0
-2100 -200 0
-1900 200 0
-1700 -200 0
-1500 200 0
-1300 -200 0
-1100 200 0
-900 -200 0
-700 200 0
-500 -200 0
-300 200 0
-100 -400 0 
100 -200 0 
300 200 0
500 -200 0
700 200 0
900 -200 0
1100 200 0
1300 -200 0
1500 200 0
1700 -200 0
1900 200 0
2100 -200 0
2300 200 0
2500 -200 0
2700 200 0
2900 -200 0
3100 200 0
3300 -200 0
3500 200 0
3700 -200 0
3900 200 0
4100 -200 0
4300 200 0
4500 -200 0
4700 200 0
4900 -200 0
5100 200 0
5300 -200 0
5500 200 0
5700 -200 0
5900 200 0
6100 -200 0
6300 200 0
6500 -200 0
6700 200 0
6900 -200 0
7100 200 0
7300 -200 0
7500 200 0
7700 -200 0
7900 200 0
8100 -200 0
8300 200 0
8500 -200 0
8700 200 0
8900 -200 0
9100 200 0
9300 -200 0
9500 200 0
9700 -200 0
9900 200 0
-9900 200 0
-9700 -200 0
-9500 200 0
-9300 -200 0
-9100 200 0
-8900 -200 0
-8700 200 0
-8500 -200 0
-8300 200 0
-8100 -200 0
-7900 200 0
-7700 -200 0
-7500 200 0
-7300 -200 0
-7100 200 0
-6900 -200 0
-6700 200 0
-6500 -200 0
-6300 200 0
-6100 -200 0
-5900 200 0
-5700 -200 0
-5500 200 0
-5300 -200 0
-5100 200 0
-4900 -200 0
-4700 200 0
-4500 -200 0
-4300 200 0
-4100 -200 0
-3900 200 0
-3700 -200 0
-3500 200 0
-3300 -200 0
-3100 200 0
-2900 -200 0
-2700 200 0
-2500 -200 0
-2300 200 0
-2100 -200 0
-1900 200 0
-1700 -200 0
-1500 200 0
-1300 -200 0
-1100 200 0
-900 -200 0
-700 200 0
-500 -200 0
-300 200 0
-100 -400 0 
100 -200 0 
300 200 0
500 -200 0
700 200 0
900 -200 0
1100 200 0
1300 -200 0
1500 200 0
1700 -200 0
1900 200 0
2100 -200 0
2300 200 0
2500 -200 0
2700 200 0
2900 -200 0
3100 200 0
3300 -200 0
3500 200 0
3700 -200 0
3900 200 0
4100 -200 0
4300 200 0
4500 -200 0
4700 200 0
4900 -200 0
5100 200 0
5300 -200 0
5500 200 0
5700 -200 0
5900 200 0
6100 -200 0
6300 200 0
6500 -200 0
6700 200 0
6900 -200 0
7100 200 0
7300 -200 0
7500 200 0
7700 -200 0
7900 200 0
8100 -200 0
8300 200 0
8500 -200 0
8700 200 0
8900 -200 0
9100 200 0
9300 -200 0
9500 200 0
9700 -200 0
9900 200 0
